66 0 250
162 0 250
4 0 250
43 0 251
135 0 251
241 0 252
8 0 252
162 0 252
106 0 252
185 0 253
70 0 254
162 0 254
190 0 255
1 0 255
233 0 255
162 0 256
204 0 256
199 0 256
95 0 257
70 0 257
87 0 259
166 0 259
217 0 260
80 0 260
191 0 261
124 0 261
13 0 261
162 0 262
61 0 262
138 0 263
187 0 263
220 0 263
162 0 263
162 0 264
200 0 264
69 0 265
178 0 266
212 0 266
130 0 267
162 0 268
43 0 268
148 0 268
207 0 268
47 0 269
162 0 270
116 0 270
63 0 271
0 0 271
165 0 272
162 0 272
234 0 273
107 0 273
105 0 274
23 0 274
200 0 274
131 0 274
28 0 276
62 0 276
92 0 276
162 0 277
200 0 277
200 0 278
87 0 278
208 0 278
221 0 279
189 0 279
1 0 280
17 0 280
218 0 280
199 0 281
12 0 281
162 0 281
127 0 281
16 0 281
50 0 282
223 0 282
218 0 283
190 0 283
162 0 284
162 0 284
11 0 285
73 0 285
180 0 285
9 0 285
76 0 286
24 0 286
72 0 286
78 0 287
169 0 287
234 0 288
159 0 289
162 0 289
234 0 289
143 0 290
99 0 290
225 0 290
147 0 291
226 0 291
232 0 291
119 0 291
162 0 291
246 0 292
120 0 292
168 0 292
176 0 293
162 0 293
200 0 293
175 0 294
145 0 294
68 0 294
58 0 295
28 0 295
39 0 296
76 0 296
123 0 298
43 0 298
162 0 298
228 0 299
189 0 299
161 0 300
200 0 300
101 0 300
45 0 301
174 0 302
93 0 302
236 0 302
129 0 303
171 0 303
216 0 303
162 0 304
162 0 304
75 0 305
208 0 305
133 0 306
123 0 306
29 0 306
195 0 307
162 0 307
162 0 308
111 0 309
70 0 309
235 0 309
121 0 309
96 0 310
205 0 310
5 0 311
59 0 311
157 0 312
160 0 312
90 0 313
154 0 313
113 0 313
162 0 314
16 0 314
136 0 315
103 0 316
98 0 317
118 0 317
145 0 317
46 0 318
52 0 318
81 0 318
88 0 318
189 0 319
201 0 319
234 0 319
162 0 320
21 0 321
213 0 321
6 0 321
10 0 322
15 0 322
17 0 322
215 0 323
162 0 323
19 0 323
162 0 323
162 0 324
126 0 324
199 0 325
230 0 326
156 0 326
181 0 326
247 0 327
142 0 327
172 0 328
73 0 328
58 0 329
162 0 329
162 0 329
134 0 330
239 0 330
92 0 330
223 0 331
210 0 331
134 0 331
43 0 332
52 0 333
123 0 334
1 0 335
146 0 335
2 0 336
38 0 336
115 0 337
223 0 337
77 0 338
77 0 338
240 0 339
237 0 339
162 0 340
162 0 340
12 0 340
238 0 341
162 0 341
162 0 341
249 0 342
206 0 342
25 0 343
190 0 343
164 0 343
200 0 343
198 0 344
162 0 344
51 0 345
102 0 345
128 0 345
60 0 345
195 0 346
45 0 346
44 0 346
108 0 347
162 0 348
140 0 348
143 0 348
71 0 349
234 0 350
127 0 350
248 0 350
145 0 351
115 0 351
234 0 353
139 0 353
67 0 353
239 0 354
162 0 355
27 0 356
182 0 356
67 0 356
91 0 357
162 0 357
177 0 357
60 0 357
77 0 358
162 0 358
162 0 359
162 0 359
18 0 359
162 0 360
36 0 361
188 0 361
234 0 361
57 0 362
162 0 362
167 0 363
245 0 363
1 0 364
81 0 364
162 0 365
162 0 366
199 0 366
199 0 366
58 0 367
196 0 368
6 0 368
123 0 368
82 0 369
162 0 369
162 0 370
160 0 370
162 0 370
206 0 371
34 0 371
149 0 371
234 0 371
162 0 372
162 0 372
60 0 372
70 0 373
43 0 373
155 0 374
30 0 374
64 0 374
184 0 374
183 0 375
214 0 375
55 0 375
55 0 376
194 0 376
66 0 376
123 0 377
170 0 377
1 0 377
200 0 377
162 0 378
162 0 378
162 0 378
94 0 379
114 0 379
227 0 379
12 0 380
7 0 380
200 0 380
162 0 380
190 0 381
196 0 381
49 0 382
43 0 382
162 0 382
79 0 383
58 0 383
162 0 383
85 0 384
234 0 384
205 0 384
9 0 384
33 0 384
162 0 385
162 0 385
162 0 386
199 0 386
190 0 386
162 0 387
190 0 387
40 0 388
132 0 388
210 0 388
232 0 388
200 0 389
3 0 389
179 0 390
150 0 390
43 0 390
196 0 391
199 0 391
19 0 391
45 0 392
214 0 392
241 0 392
206 0 393
56 0 393
60 0 393
110 0 394
224 0 394
162 0 394
162 0 395
41 0 395
31 0 395
20 0 396
152 0 397
162 0 397
8 0 398
199 0 398
126 0 398
186 0 399
162 0 399
250 1 450
251 1 498
252 1 480
253 1 494
254 1 474
255 1 475
256 1 488
257 1 464
258 1 452
259 1 476
260 1 453
261 1 483
262 1 465
263 1 468
264 1 487
265 1 482
266 1 458
267 1 484
268 1 458
269 1 496
270 1 465
271 1 478
272 1 486
273 1 461
274 1 460
275 1 485
276 1 489
277 1 460
278 1 488
279 1 491
280 1 461
281 1 472
282 1 482
283 1 470
284 1 494
285 1 457
286 1 480
287 1 482
288 1 486
289 1 471
290 1 464
291 1 488
292 1 467
293 1 466
294 1 465
295 1 464
296 1 486
297 1 473
298 1 458
299 1 495
300 1 472
301 1 476
302 1 470
303 1 476
304 1 457
305 1 493
306 1 479
307 1 454
308 1 476
309 1 455
310 1 482
311 1 497
312 1 498
313 1 453
314 1 466
315 1 465
316 1 486
317 1 454
318 1 498
319 1 479
320 1 461
321 1 456
322 1 470
323 1 460
324 1 487
325 1 496
326 1 457
327 1 455
328 1 496
329 1 450
330 1 452
331 1 463
332 1 453
333 1 456
334 1 486
335 1 478
336 1 484
337 1 457
338 1 470
339 1 499
340 1 496
341 1 483
342 1 482
343 1 487
344 1 489
345 1 472
346 1 476
347 1 485
348 1 455
349 1 483
350 1 486
351 1 464
352 1 495
353 1 476
354 1 457
355 1 490
356 1 454
357 1 492
358 1 459
359 1 463
360 1 451
361 1 496
362 1 455
363 1 470
364 1 493
365 1 466
366 1 490
367 1 463
368 1 488
369 1 490
370 1 480
371 1 489
372 1 491
373 1 478
374 1 455
375 1 469
376 1 472
377 1 470
378 1 490
379 1 487
380 1 451
381 1 495
382 1 459
383 1 461
384 1 498
385 1 453
386 1 490
387 1 489
388 1 459
389 1 453
390 1 490
391 1 461
392 1 454
393 1 484
394 1 450
395 1 467
396 1 474
397 1 471
398 1 486
399 1 486
250 3 440
251 3 411
252 3 411
253 3 440
254 3 411
256 3 411
257 3 424
258 3 410
261 3 409
265 3 411
266 3 418
267 3 406
269 3 411
270 3 426
277 3 411
280 3 411
285 3 411
286 3 424
290 3 411
295 3 411
296 3 411
297 3 433
298 3 441
299 3 411
301 3 434
307 3 411
311 3 411
312 3 411
316 3 411
317 3 424
320 3 436
321 3 416
322 3 411
327 3 414
329 3 411
330 3 411
336 3 411
337 3 411
340 3 411
343 3 411
348 3 411
350 3 417
352 3 411
354 3 432
355 3 411
357 3 411
359 3 444
361 3 411
362 3 400
364 3 422
367 3 411
370 3 411
371 3 411
372 3 419
375 3 411
376 3 409
377 3 449
378 3 411
380 3 411
384 3 411
387 3 411
390 3 406
391 3 411
394 3 411
395 3 418
396 3 411
397 3 441
399 3 411
450 2 520
451 2 567
452 2 534
453 2 555
454 2 597
455 2 500
456 2 573
457 2 540
458 2 518
459 2 530
460 2 523
461 2 584
462 2 506
463 2 578
464 2 521
465 2 557
466 2 505
467 2 599
468 2 577
469 2 505
470 2 525
471 2 596
472 2 561
473 2 515
474 2 519
475 2 510
476 2 592
477 2 588
478 2 535
479 2 514
480 2 532
481 2 567
482 2 550
483 2 528
484 2 589
485 2 540
486 2 582
487 2 513
488 2 535
489 2 544
490 2 500
491 2 510
492 2 596
493 2 586
494 2 549
495 2 555
496 2 535
497 2 500
498 2 503
499 2 508
