4 0 50
29 0 50
8 0 51
43 0 51
18 0 52
19 0 53
13 0 54
20 0 54
18 0 54
29 0 55
41 0 55
23 0 55
15 0 56
2 0 56
43 0 56
34 0 57
35 0 57
14 0 58
19 0 59
24 0 59
5 0 59
17 0 60
35 0 60
8 0 60
10 0 60
26 0 61
18 0 61
37 0 62
37 0 62
35 0 62
19 0 63
46 0 63
9 0 63
42 0 63
3 0 63
32 0 65
43 0 66
38 0 66
7 0 66
17 0 67
40 0 68
48 0 68
16 0 69
47 0 69
1 0 70
49 0 70
43 0 70
0 0 71
29 0 71
25 0 72
39 0 72
18 0 72
30 0 73
27 0 73
12 0 74
36 0 74
29 0 74
6 0 74
27 0 75
43 0 76
19 0 76
37 0 77
6 0 77
28 0 78
31 0 78
44 0 78
6 0 79
19 0 79
21 0 79
11 0 79
18 0 79
50 1 94
51 1 95
52 1 97
53 1 93
54 1 97
55 1 96
56 1 91
57 1 97
58 1 97
59 1 99
60 1 90
61 1 96
62 1 97
63 1 95
64 1 90
65 1 92
66 1 92
67 1 94
68 1 90
69 1 90
70 1 91
71 1 96
72 1 97
73 1 90
74 1 97
75 1 92
76 1 94
77 1 92
78 1 93
79 1 96
51 3 81
52 3 86
53 3 81
55 3 86
57 3 86
60 3 86
62 3 83
66 3 86
69 3 85
72 3 86
73 3 86
76 3 89
77 3 82
78 3 86
79 3 86
90 2 147
91 2 145
92 2 137
93 2 132
94 2 115
95 2 134
96 2 120
97 2 139
98 2 188
99 2 143
